DB 0 MOTIF	TGTTTHYTTTGGC	MEME-1
-244.0	2	25
-243.0	0	35.5
-242.0	0	30
-241.0	0	23.8333
-240.0	0	17.5
-239.0	1	33.5909
-238.0	0	21
-237.0	0	28
-236.0	2	27.3333
-235.0	1	20.5
-234.0	0	36.5909
-233.0	0	30.5
-232.0	0	20
-231.0	0	24.3333
-230.0	0	25.5
-229.0	0	16.5909
-228.0	0	25
-227.0	1	25.5
-226.0	0	19
-225.0	0	26.5
-224.0	0	23.0909
-223.0	0	23.5
-222.0	0	26
-221.0	0	24
-220.0	0	28.5
-219.0	0	24.5909
-218.0	0	24.3333
-217.0	0	26
-216.0	0	30.5
-215.0	0	20.1429
-214.0	0	27.5909
-213.0	0	29.3333
-212.0	1	16.5
-211.0	0	31
-210.0	0	23.1429
-209.0	1	22.5909
-208.0	0	27.3333
-207.0	0	37.5
-206.0	1	30
-205.0	1	18.8429
-204.0	0	28.5909
-203.0	0	17
-202.0	0	18.5
-201.0	0	32.2
-200.0	0	29.6429
-199.0	0	18.5909
-198.0	0	27.25
-197.0	0	28.2
-196.0	2	26.5
-195.0	0	25.1429
-194.0	0	25.5909
-193.0	0	29.45
-192.0	0	32
-191.0	0	30.3333
-190.0	0	18.6429
-189.0	0	28.2909
-188.0	1	31.75
-187.0	0	32.3333
-186.0	0	26
-185.0	0	25.9762
-184.0	0	24
-183.0	0	31.0833
-182.0	0	17.5
-181.0	2	22
-180.0	0	24.5833
-179.0	0	22
-178.0	0	27
-177.0	0	23
-176.0	0	23
-175.0	0	28.5833
-174.0	1	30.5
-173.0	0	19
-172.0	0	22
-171.0	0	30.25
-170.0	0	37.25
-169.0	0	32
-168.0	0	21.75
-167.0	0	17
-166.0	0	28
-165.0	0	32.5
-164.0	1	25
-163.0	1	28.5
-162.0	0	34.25
-161.0	0	20.5
-160.0	0	27
-159.0	0	22
-158.0	0	16
-157.0	0	24
-156.0	0	29.25
-155.0	0	25
-154.0	0	35
-153.0	1	23.5
-152.0	0	29.75
-151.0	0	20.5
-150.0	0	25
-149.0	0	28
-148.0	0	19.75
-147.0	1	34
-146.0	0	30.0909
-145.0	0	17.1667
-144.0	0	23.75
-143.0	0	25
-142.0	0	14
-141.0	0	23.0909
-140.0	0	23.6667
-139.0	0	26
-138.0	0	23
-137.0	1	22
-136.0	2	23.3409
-135.0	0	20.1667
-134.0	0	24
-133.0	0	23.5
-132.0	0	30.25
-131.0	0	28.0909
-130.0	0	21.6667
-129.0	0	26
-128.0	1	25.25
-127.0	0	24.5
-126.0	1	31.5909
-125.0	0	19.1667
-124.0	0	18.25
-123.0	0	19
-122.0	1	23
-121.0	1	29.0909
-120.0	0	17.1667
-119.0	0	28
-118.0	0	21
-117.0	0	26
-116.0	0	28.5909
-115.0	0	24
-114.0	1	20
-113.0	0	18.5
-112.0	0	26.5
-111.0	0	19.5909
-110.0	0	25
-109.0	1	26
-108.0	0	31.5
-107.0	1	24.5
-106.0	1	28.0909
-105.0	0	16
-104.0	0	24.3333
-103.0	0	30.5
-102.0	0	28
-101.0	1	24.0909
-100.0	0	14
 -99.0	0	32.3333
 -98.0	0	22
 -97.0	0	24.5
 -96.0	0	25.0909
 -95.0	0	24
 -94.0	0	22.8333
 -93.0	0	26.5
 -92.0	0	31
 -91.0	0	24
 -90.0	1	23
 -89.0	0	19
 -88.0	0	29.5
 -87.0	1	21.1667
 -86.0	1	23
 -85.0	0	31
 -84.0	0	23.5
 -83.0	1	25
 -82.0	0	28.1667
 -81.0	0	27
 -80.0	0	23
 -79.0	0	28
 -78.0	0	30.5
 -77.0	0	21.1667
 -76.0	1	19
 -75.0	0	27
 -74.0	0	24
 -73.0	0	36
 -72.0	0	20.6667
 -71.0	0	21.5
 -70.0	0	21
 -69.0	1	28
 -68.0	0	21
 -67.0	0	27.1667
 -66.0	0	22.5
 -65.0	0	16
 -64.0	2	20.5
 -63.0	0	20
 -62.0	0	20.1667
 -61.0	0	28.5
 -60.0	1	19
 -59.0	3	35
 -58.0	0	26
 -57.0	0	23
 -56.0	2	21.5
 -55.0	1	19
 -54.0	2	32
 -53.0	2	20
 -52.0	0	24
 -51.0	0	27
 -50.0	0	21.5
 -49.0	0	17
 -48.0	0	24
 -47.0	0	24
 -46.0	0	27
 -45.0	0	20
 -44.0	0	29
 -43.0	0	22
 -42.0	0	24.1429
 -41.0	0	22
 -40.0	0	29
 -39.0	0	27
 -38.0	1	23
 -37.0	0	24.1429
 -36.0	0	26
 -35.0	2	23
 -34.0	2	24
 -33.0	0	30
 -32.0	1	38.1429
 -31.0	0	20
 -30.0	0	18
 -29.0	1	24
 -28.0	0	17
 -27.0	1	29.6429
 -26.0	1	21.5
 -25.0	0	21.5
 -24.0	1	29
 -23.0	1	19
 -22.0	1	25.1429
 -21.0	0	27.5
 -20.0	0	21
 -19.0	0	23
 -18.0	0	13.5
 -17.0	0	26.1429
 -16.0	1	28
 -15.0	0	27
 -14.0	0	19
 -13.0	1	19
 -12.0	1	25.6429
 -11.0	0	19
 -10.0	1	19
  -9.0	2	26
  -8.0	0	31.5
  -7.0	1	17
  -6.0	0	24
  -5.0	0	19
  -4.0	0	21.5
  -3.0	0	21.5
  -2.0	0	16
  -1.0	0	14.5
   0.0	0	22
   1.0	1	18
   2.0	1	16
   3.0	1	21
   4.0	0	20.5
   5.0	0	32
   6.0	1	27
   7.0	1	16
   8.0	0	20
   9.0	1	20
  10.0	0	22
  11.0	0	23
  12.0	0	21.3333
  13.0	0	27
  14.0	0	19
  15.0	0	30.3333
  16.0	1	23
  17.0	1	29.25
  18.0	2	26.3333
  19.0	0	16
  20.0	1	19
  21.0	3	24.5
  22.0	0	22.25
  23.0	1	21.5
  24.0	1	21
  25.0	3	23
  26.0	0	19
  27.0	0	23.25
  28.0	0	18
  29.0	0	13
  30.0	1	16
  31.0	0	25.5
  32.0	0	22.25
  33.0	0	24.5
  34.0	1	18
  35.0	0	20
  36.0	2	18.5
  37.0	0	18
  38.0	1	23
  39.0	0	33
  40.0	0	24
  41.0	0	23
  42.0	0	23
  43.0	0	24
  44.0	0	21
  45.0	0	23
  46.0	1	16.5
  47.0	0	20
  48.0	0	24
  49.0	0	14
  50.0	0	20
  51.0	0	20
  52.0	0	17
  53.0	1	18
  54.0	0	18
  55.0	0	25
  56.0	0	29
  57.0	0	16
  58.0	0	26
  59.0	0	18
  60.0	0	22
  61.0	1	19
  62.0	0	26
  63.0	0	25
  64.0	1	19
  65.0	0	22.5
  66.0	0	26
  67.0	0	20
  68.0	1	22
  69.0	0	19
  70.0	1	21.5
  71.0	1	27
  72.0	1	28
  73.0	0	22
  74.0	0	17
  75.0	0	27.5
  76.0	0	22
  77.0	2	21.5
  78.0	0	23
  79.0	1	22
  80.0	2	28.5
  81.0	0	20
  82.0	0	20
  83.0	0	25
  84.0	0	14
  85.0	0	25.5
  86.0	0	25
  87.0	0	33
  88.0	1	29
  89.0	2	21
  90.0	0	25.5
  91.0	0	24
  92.0	2	21.5
  93.0	0	19.1667
  94.0	0	33
  95.0	0	19
  96.0	0	16
  97.0	0	22
  98.0	0	27
  99.0	1	22
 100.0	1	26
 101.0	0	30
 102.0	0	28
 103.0	0	24
 104.0	0	23
 105.0	0	24.5
 106.0	1	19
 107.0	0	22
 108.0	0	18
 109.0	0	29
 110.0	0	22.5
 111.0	0	36
 112.0	1	24
 113.0	1	18
 114.0	0	27
 115.0	0	22.5
 116.0	0	21
 117.0	0	16
 118.0	0	26
 119.0	1	32.8333
 120.0	0	19
 121.0	0	21
 122.0	2	35
 123.0	1	19.1429
 124.0	0	27.5
 125.0	0	19.3333
 126.0	0	21.5
 127.0	1	21
 128.0	1	27.1429
 129.0	0	14
 130.0	0	28.5
 131.0	0	23.8333
 132.0	0	24.5
 133.0	0	20.1429
 134.0	0	17.5
 135.0	0	23.3333
 136.0	0	20
 137.0	0	21.5
 138.0	0	34.1429
 139.0	0	23
 140.0	0	26.3333
 141.0	0	27.5
 142.0	3	18.5
 143.0	0	22
 144.0	0	15
 145.0	1	21.6667
 146.0	0	21
 147.0	0	22
 148.0	0	26
 149.0	0	27
 150.0	0	35
 151.0	1	24.3333
 152.0	0	18.5
 153.0	0	23
 154.0	0	29
 155.0	0	27.75
 156.0	0	31.5
 157.0	0	26.8333
 158.0	0	17.6429
 159.0	0	17
 160.0	1	19.75
 161.0	0	22
 162.0	2	25
 163.0	0	23.1429
 164.0	0	23.5
 165.0	0	31.25
 166.0	0	32
 167.0	0	22
 168.0	1	16.1429
 169.0	0	32.75
 170.0	1	21.25
 171.0	0	19.5
 172.0	0	27
 173.0	0	22.5
 174.0	0	30.25
 175.0	0	29
 176.0	0	19.5
 177.0	0	25
 178.0	0	22
 179.0	0	26.25
 180.0	0	20
 181.0	0	22
 182.0	0	26.6667
 183.0	0	27
 184.0	1	38.25
 185.0	0	29
 186.0	0	19
 187.0	0	24.1667
 188.0	1	23.5
 189.0	1	20
 190.0	0	25
 191.0	0	33
 192.0	0	20.6667
 193.0	1	35
 194.0	3	25.5
 195.0	0	23
 196.0	0	26.5
 197.0	0	19.1667
 198.0	0	30
 199.0	1	27
 200.0	0	30
 201.0	0	29
 202.0	0	22.1667
 203.0	0	24.5
 204.0	0	22.0909
 205.0	0	22
 206.0	0	27
 207.0	0	24.2576
 208.0	1	28
 209.0	0	30.3333
 210.0	0	32.0909
 211.0	0	23
 212.0	0	26.5
 213.0	0	33.0909
 214.0	0	23.3333
 215.0	0	22
 216.0	0	20.0909
 217.0	0	25
 218.0	0	33.1667
 219.0	0	39.4242
 220.0	1	32.5
 221.0	0	28
 222.0	0	19.0909
 223.0	0	26
 224.0	0	34.3667
 225.0	0	23.5909
 226.0	0	28
 227.0	0	22
 228.0	0	28.0909
 229.0	1	25.7
 230.0	0	24.1667
 231.0	0	22.5909
 232.0	0	26
 233.0	0	28.8333
 234.0	1	22.2909
 235.0	0	24
 236.0	1	30.1667
 237.0	1	32.3333
 238.0	0	25
 239.0	1	22.2
 240.0	0	25
 241.0	0	26.3333
 242.0	0	35.6667
 243.0	0	23.5
 244.0	0	29.2
DB 1 MOTIF	5-CCAAARHAAAYA	STREME-5
-244.5	0	9.16667
-243.5	0	22
-242.5	0	13
-241.5	0	14.6667
-240.5	0	10.8333
-239.5	1	9.16667
-238.5	0	19
-237.5	0	14
-236.5	1	5.66667
-235.5	1	14.8333
-234.5	0	17.6667
-233.5	0	20.5
-232.5	0	10
-231.5	0	24.1667
-230.5	0	18
-229.5	0	9.66667
-228.5	0	9.5
-227.5	1	23
-226.5	0	23.1667
-225.5	0	19.6667
-224.5	0	21.1667
-223.5	0	11
-222.5	0	16
-221.5	0	17.1667
-220.5	0	18.1667
-219.5	0	15.1667
-218.5	0	17
-217.5	0	17.3333
-216.5	0	17.1667
-215.5	0	17.1667
-214.5	0	14
-213.5	0	14
-212.5	0	20.6667
-211.5	0	17
-210.5	0	16.1667
-209.5	0	9
-208.5	0	11
-207.5	0	17.3333
-206.5	1	21
-205.5	1	18.1667
-204.5	1	9
-203.5	0	16
-202.5	0	15
-201.5	0	18
-200.5	0	18
-199.5	0	14
-198.5	0	21
-197.5	0	12
-196.5	1	13
-195.5	0	17
-194.5	0	13
-193.5	0	10
-192.5	1	19
-191.5	0	10
-190.5	0	17
-189.5	1	12
-188.5	0	24
-187.5	0	10
-186.5	0	21
-185.5	0	11
-184.5	0	22
-183.5	0	20
-182.5	0	14
-181.5	0	13
-180.5	1	19
-179.5	0	15.25
-178.5	0	14
-177.5	0	10
-176.5	0	21
-175.5	0	8
-174.5	0	16.5833
-173.5	0	10
-172.5	0	18
-171.5	0	16
-170.5	0	14
-169.5	0	17.25
-168.5	0	20.5
-167.5	0	16
-166.5	0	21.5
-165.5	0	13
-164.5	0	21.25
-163.5	0	16.5
-162.5	0	15
-161.5	0	19
-160.5	1	11.5
-159.5	0	9
-158.5	0	17.5
-157.5	0	20.3333
-156.5	0	14
-155.5	0	15.5
-154.5	0	12
-153.5	0	16
-152.5	0	17.3333
-151.5	0	17
-150.5	0	11
-149.5	0	19
-148.5	1	10
-147.5	0	17.3333
-146.5	1	11.0909
-145.5	0	11
-144.5	0	15.1667
-143.5	0	13
-142.5	0	9
-141.5	0	16.0909
-140.5	1	14
-139.5	0	10.25
-138.5	0	20
-137.5	0	8
-136.5	2	13.4242
-135.5	0	17
-134.5	0	8.25
-133.5	0	15
-132.5	0	20.5
-131.5	0	15.0909
-130.5	0	10
-129.5	0	15.1667
-128.5	0	15
-127.5	0	9
-126.5	0	11.0909
-125.5	0	17
-124.5	0	12.1667
-123.5	0	17
-122.5	0	16.5
-121.5	0	14.1742
-120.5	0	22
-119.5	0	20.1667
-118.5	0	6
-117.5	0	19
-116.5	1	15.1742
-115.5	0	15
-114.5	0	16
-113.5	1	14
-112.5	0	17
-111.5	0	16.1742
-110.5	0	16
-109.5	0	11
-108.5	0	13
-107.5	1	16
-106.5	1	17.0909
-105.5	0	10
-104.5	0	16
-103.5	0	18.8333
-102.5	0	23
-101.5	0	14.0909
-100.5	2	15
 -99.5	0	15
 -98.5	0	10.8333
 -97.5	0	15.5
 -96.5	0	12.1742
 -95.5	0	19
 -94.5	0	15.5
 -93.5	0	7.33333
 -92.5	0	14
 -91.5	0	14.0833
 -90.5	1	15
 -89.5	0	14
 -88.5	0	10
 -87.5	0	12
 -86.5	0	13.5833
 -85.5	1	11
 -84.5	0	4
 -83.5	0	11
 -82.5	0	14
 -81.5	0	19.0833
 -80.5	0	13
 -79.5	0	17
 -78.5	0	19
 -77.5	0	12
 -76.5	0	9.58333
 -75.5	1	11
 -74.5	0	10
 -73.5	0	9
 -72.5	1	15
 -71.5	0	19.25
 -70.5	0	13
 -69.5	0	19
 -68.5	0	14
 -67.5	0	14
 -66.5	0	8.25
 -65.5	0	16.5
 -64.5	1	11
 -63.5	0	17
 -62.5	1	11
 -61.5	0	14.1667
 -60.5	2	10.5
 -59.5	2	10.5
 -58.5	0	14
 -57.5	0	19
 -56.5	0	10
 -55.5	1	10
 -54.5	1	19.5
 -53.5	2	11
 -52.5	1	4
 -51.5	0	15
 -50.5	0	15
 -49.5	0	11
 -48.5	0	12
 -47.5	0	15
 -46.5	0	11
 -45.5	0	12
 -44.5	0	10
 -43.5	0	16
 -42.5	0	10
 -41.5	0	11
 -40.5	0	16
 -39.5	1	11
 -38.5	0	18
 -37.5	1	15
 -36.5	0	5
 -35.5	2	9
 -34.5	0	15
 -33.5	3	19
 -32.5	0	23
 -31.5	1	10
 -30.5	0	11
 -29.5	0	17.5
 -28.5	0	12
 -27.5	1	14
 -26.5	1	14
 -25.5	0	20
 -24.5	0	13
 -23.5	0	7
 -22.5	0	6
 -21.5	0	18
 -20.5	0	6
 -19.5	0	8
 -18.5	0	12
 -17.5	0	17
 -16.5	0	24
 -15.5	0	11
 -14.5	0	10
 -13.5	2	8
 -12.5	2	8
 -11.5	0	16.5
 -10.5	0	11
  -9.5	1	12
  -8.5	0	17
  -7.5	0	8
  -6.5	1	14
  -5.5	0	14
  -4.5	0	8
  -3.5	0	7
  -2.5	0	12
  -1.5	1	7
  -0.5	0	9
   0.5	0	14
   1.5	1	12
   2.5	1	15
   3.5	1	15
   4.5	0	11
   5.5	0	18
   6.5	0	11
   7.5	0	9
   8.5	0	11
   9.5	1	16
  10.5	1	17
  11.5	0	8
  12.5	0	18
  13.5	0	10
  14.5	0	13
  15.5	0	10
  16.5	0	17
  17.5	0	8
  18.5	0	11
  19.5	0	12
  20.5	2	13
  21.5	1	13
  22.5	1	12
  23.5	1	8
  24.5	2	14
  25.5	0	7
  26.5	0	11
  27.5	0	14
  28.5	0	11
  29.5	1	13
  30.5	1	15.5
  31.5	0	9
  32.5	0	12
  33.5	0	10
  34.5	0	13
  35.5	0	12.5
  36.5	0	14
  37.5	1	13
  38.5	0	12
  39.5	0	12
  40.5	0	14
  41.5	0	6
  42.5	0	6
  43.5	0	13
  44.5	0	15
  45.5	2	9
  46.5	0	11
  47.5	0	9
  48.5	0	10
  49.5	0	8
  50.5	0	8.5
  51.5	0	8
  52.5	1	7
  53.5	0	10
  54.5	0	7
  55.5	0	13
  56.5	0	14
  57.5	0	8
  58.5	0	12
  59.5	0	13
  60.5	1	11
  61.5	0	16
  62.5	0	13
  63.5	2	15
  64.5	0	12
  65.5	0	8
  66.5	0	10
  67.5	0	6
  68.5	0	8
  69.5	1	10
  70.5	1	11
  71.5	0	20
  72.5	0	10
  73.5	0	14
  74.5	0	9
  75.5	0	13.5
  76.5	0	13
  77.5	1	22
  78.5	0	13
  79.5	0	17
  80.5	1	16
  81.5	0	11
  82.5	0	12
  83.5	0	17
  84.5	0	12
  85.5	0	11
  86.5	0	16
  87.5	0	10
  88.5	0	8.5
  89.5	0	10.5
  90.5	0	14
  91.5	0	8
  92.5	0	18.5
  93.5	0	12.5
  94.5	0	18
  95.5	0	8
  96.5	0	12
  97.5	0	8
  98.5	1	15
  99.5	0	10
 100.5	2	16
 101.5	0	17
 102.5	0	14
 103.5	0	15
 104.5	0	15.5
 105.5	0	12
 106.5	0	14
 107.5	0	9
 108.5	0	17
 109.5	0	14.5
 110.5	0	16
 111.5	0	6
 112.5	0	6.5
 113.5	0	9
 114.5	0	11.1
 115.5	1	10
 116.5	1	11
 117.5	0	11.5
 118.5	1	16
 119.5	0	11.1
 120.5	0	15
 121.5	0	21
 122.5	1	13
 123.5	1	10
 124.5	0	12.1
 125.5	0	16
 126.5	1	12
 127.5	0	9
 128.5	0	12
 129.5	0	11.1
 130.5	0	11
 131.5	0	11
 132.5	0	13
 133.5	0	8
 134.5	0	9.1
 135.5	0	9
 136.5	0	9
 137.5	0	15.5
 138.5	0	13
 139.5	0	15.1
 140.5	1	9
 141.5	1	10
 142.5	0	14.5
 143.5	0	10
 144.5	0	8.1
 145.5	1	15
 146.5	1	9
 147.5	0	16.5
 148.5	0	16
 149.5	0	18.1
 150.5	1	18
 151.5	0	16
 152.5	0	18
 153.5	0	14
 154.5	0	15.1
 155.5	0	16.75
 156.5	0	16
 157.5	0	15.5
 158.5	0	15
 159.5	1	14.1
 160.5	0	9.75
 161.5	1	6
 162.5	0	16.5
 163.5	0	12
 164.5	0	10
 165.5	0	12.25
 166.5	0	14
 167.5	0	13
 168.5	0	17.75
 169.5	0	14.5
 170.5	0	19.25
 171.5	0	17.5
 172.5	0	25
 173.5	1	11.75
 174.5	0	22.5
 175.5	0	9
 176.5	0	14.5
 177.5	0	13
 178.5	0	18.25
 179.5	0	13
 180.5	0	7
 181.5	0	15.5
 182.5	0	14
 183.5	0	19.25
 184.5	1	23
 185.5	0	11
 186.5	0	16
 187.5	0	19
 188.5	1	13
 189.5	0	8
 190.5	0	18
 191.5	1	15.5
 192.5	0	22
 193.5	1	17
 194.5	0	15
 195.5	0	19
 196.5	0	11
 197.5	0	12
 198.5	1	19
 199.5	0	23
 200.5	0	18
 201.5	0	15
 202.5	0	7
 203.5	0	17
 204.5	0	13
 205.5	0	11
 206.5	0	18
 207.5	2	15
 208.5	0	25
 209.5	0	24
 210.5	0	11
 211.5	0	21
 212.5	0	21
 213.5	0	17
 214.5	0	18
 215.5	0	9
 216.5	0	20
 217.5	0	20
 218.5	0	22.5
 219.5	0	17
 220.5	0	6
 221.5	0	11
 222.5	0	14
 223.5	0	19
 224.5	0	14
 225.5	0	19
 226.5	1	22
 227.5	0	9.5
 228.5	1	18
 229.5	0	23
 230.5	0	17
 231.5	0	19
 232.5	0	16.5
 233.5	0	14
 234.5	1	20
 235.5	0	19
 236.5	0	22
 237.5	0	11
 238.5	0	13.5
 239.5	0	14
 240.5	0	9
 241.5	0	13
 242.5	0	22
 243.5	0	21
 244.5	0	29
DB 2 MOTIF	MA1977.1	ZNF324
-240.0	0	21.5
-239.0	0	14
-238.0	0	21
-237.0	0	15
-236.0	1	16
-235.0	0	25
-234.0	0	21
-233.0	0	18
-232.0	0	21.2
-231.0	0	22
-230.0	0	26
-229.0	0	20
-228.0	0	25
-227.0	0	10
-226.0	0	19
-225.0	1	23
-224.0	0	18
-223.0	0	23
-222.0	0	27
-221.0	0	9
-220.0	0	21
-219.0	0	15
-218.0	0	26
-217.0	0	16
-216.0	0	22
-215.0	0	21
-214.0	0	18
-213.0	0	19
-212.0	0	21
-211.0	0	21.2
-210.0	0	17.5
-209.0	0	13
-208.0	1	20
-207.0	0	14
-206.0	0	19
-205.0	1	22
-204.0	1	15
-203.0	0	18
-202.0	0	16
-201.0	0	17
-200.0	1	21
-199.0	0	17
-198.0	0	15
-197.0	0	19
-196.0	0	16
-195.0	0	19.1667
-194.0	0	22
-193.0	0	16
-192.0	0	13
-191.0	0	20
-190.0	0	17.2
-189.0	0	30
-188.0	0	16
-187.0	0	16
-186.0	0	26
-185.0	0	26
-184.0	0	17
-183.0	0	18
-182.0	0	19
-181.0	0	30
-180.0	0	22
-179.0	0	24
-178.0	0	15
-177.0	0	26
-176.0	1	16
-175.0	0	23
-174.0	0	13
-173.0	0	20
-172.0	0	20
-171.0	0	13.5
-170.0	0	7
-169.0	0	18
-168.0	0	21
-167.0	0	18
-166.0	0	16
-165.0	0	22
-164.0	2	19
-163.0	0	23
-162.0	0	17
-161.0	0	18
-160.0	0	28
-159.0	1	11
-158.0	0	15
-157.0	0	16
-156.0	0	14
-155.0	0	19
-154.0	0	16
-153.0	0	21
-152.0	0	15
-151.0	1	22
-150.0	0	18
-149.0	0	24
-148.0	0	23.2
-147.0	0	31
-146.0	1	20
-145.0	0	16
-144.0	1	14
-143.0	0	16
-142.0	1	16
-141.0	0	21
-140.0	0	18
-139.0	1	20
-138.0	0	13
-137.0	0	12
-136.0	0	18
-135.0	0	15
-134.0	0	15
-133.0	0	18
-132.0	1	9
-131.0	0	14
-130.0	0	14
-129.0	0	20.1667
-128.0	0	16
-127.0	0	22.2
-126.0	1	22
-125.0	0	17
-124.0	1	20
-123.0	0	20
-122.0	0	14
-121.0	0	13
-120.0	0	13
-119.0	0	14
-118.0	0	23
-117.0	0	12
-116.0	0	21
-115.0	1	18
-114.0	1	18
-113.0	0	22
-112.0	1	17
-111.0	1	18
-110.0	1	15
-109.0	0	13
-108.0	0	18
-107.0	0	20
-106.0	0	17
-105.0	0	20
-104.0	0	20
-103.0	1	24
-102.0	1	13
-101.0	1	14
-100.0	0	21
 -99.0	0	12
 -98.0	0	10.5
 -97.0	0	18
 -96.0	0	13
 -95.0	0	19
 -94.0	0	20
 -93.0	0	17
 -92.0	0	15
 -91.0	1	22
 -90.0	0	19
 -89.0	0	14
 -88.0	0	23
 -87.0	0	17
 -86.0	0	24
 -85.0	0	22
 -84.0	0	24
 -83.0	1	16
 -82.0	0	20
 -81.0	1	14
 -80.0	0	16
 -79.0	0	22
 -78.0	1	16
 -77.0	0	17
 -76.0	0	23
 -75.0	0	22
 -74.0	0	18
 -73.0	0	16
 -72.0	0	20
 -71.0	0	18
 -70.0	0	24.5
 -69.0	1	19
 -68.0	0	20
 -67.0	0	17
 -66.0	0	16
 -65.0	0	25
 -64.0	2	26
 -63.0	0	24
 -62.0	0	15
 -61.0	1	14
 -60.0	0	23
 -59.0	2	18
 -58.0	1	9
 -57.0	0	15
 -56.0	0	19
 -55.0	0	13
 -54.0	0	24
 -53.0	0	17
 -52.0	0	19
 -51.0	1	14
 -50.0	1	16
 -49.0	0	21
 -48.0	0	20
 -47.0	0	17
 -46.0	0	27
 -45.0	0	19
 -44.0	0	19
 -43.0	1	24
 -42.0	0	18
 -41.0	0	18
 -40.0	0	22
 -39.0	1	17
 -38.0	3	13
 -37.0	0	26
 -36.0	0	16
 -35.0	0	12
 -34.0	0	19
 -33.0	0	19
 -32.0	0	14
 -31.0	0	17
 -30.0	0	27
 -29.0	0	15
 -28.0	0	21
 -27.0	0	21
 -26.0	1	26
 -25.0	1	27
 -24.0	0	23
 -23.0	1	22
 -22.0	0	28
 -21.0	0	21.5
 -20.0	2	15
 -19.0	0	23
 -18.0	0	21
 -17.0	0	13
 -16.0	0	26
 -15.0	0	17
 -14.0	0	21
 -13.0	0	14
 -12.0	0	20
 -11.0	0	20
 -10.0	0	18
  -9.0	1	18
  -8.0	1	24
  -7.0	0	21
  -6.0	0	21
  -5.0	0	18
  -4.0	1	17
  -3.0	0	14
  -2.0	0	18
  -1.0	0	16
   0.0	1	23
   1.0	0	14
   2.0	1	24
   3.0	0	13.1667
   4.0	0	24
   5.0	0	11
   6.0	0	11
   7.0	0	16
   8.0	1	18
   9.0	0	18
  10.0	0	21
  11.0	1	14
  12.0	0	15
  13.0	0	16
  14.0	1	19
  15.0	0	12
  16.0	0	18
  17.0	0	20
  18.0	0	27
  19.0	0	18
  20.0	0	27
  21.0	0	19
  22.0	0	22
  23.0	0	21
  24.0	0	21
  25.0	0	24
  26.0	0	20
  27.0	1	20
  28.0	0	24
  29.0	0	18
  30.0	0	20
  31.0	0	12
  32.0	0	22
  33.0	0	15
  34.0	0	18
  35.0	0	29
  36.0	0	21
  37.0	0	20
  38.0	0	15
  39.0	0	21
  40.0	1	18
  41.0	0	20
  42.0	0	23
  43.0	0	20
  44.0	1	17
  45.0	0	16
  46.0	0	20
  47.0	0	17
  48.0	0	21
  49.0	0	30
  50.0	0	20
  51.0	1	21
  52.0	2	17
  53.0	0	21
  54.0	1	18
  55.0	2	17
  56.0	0	19
  57.0	2	17
  58.0	1	22
  59.0	0	23
  60.0	0	24
  61.0	0	17
  62.0	0	21
  63.0	0	19
  64.0	0	17
  65.0	0	15
  66.0	0	14
  67.0	1	16
  68.0	0	14
  69.0	0	22.1667
  70.0	0	22
  71.0	0	24
  72.0	0	15
  73.0	0	13
  74.0	0	14
  75.0	1	15
  76.0	1	19
  77.0	1	20
  78.0	2	19
  79.0	1	21.5
  80.0	0	19
  81.0	0	19
  82.0	0	16
  83.0	0	17
  84.0	0	21
  85.0	1	19
  86.0	0	15
  87.0	0	20
  88.0	0	22
  89.0	0	13
  90.0	0	21
  91.0	1	25
  92.0	2	18
  93.0	0	21
  94.0	1	16
  95.0	0	22
  96.0	0	16
  97.0	0	24.5
  98.0	0	18
  99.0	0	17
 100.0	0	24
 101.0	0	20
 102.0	1	15
 103.0	0	14
 104.0	0	26.5
 105.0	1	23
 106.0	0	19
 107.0	1	18
 108.0	0	16
 109.0	1	18
 110.0	0	23
 111.0	0	20
 112.0	0	21
 113.0	0	14
 114.0	0	22
 115.0	0	18
 116.0	0	26
 117.0	0	14
 118.0	0	14
 119.0	0	25
 120.0	1	19
 121.0	1	26
 122.0	0	25
 123.0	1	16
 124.0	0	9.5
 125.0	3	19
 126.0	2	18
 127.0	0	20
 128.0	0	19
 129.0	1	11
 130.0	0	25
 131.0	0	23
 132.0	0	24
 133.0	1	25
 134.0	0	24
 135.0	0	15.1667
 136.0	0	27.5
 137.0	0	18
 138.0	0	20
 139.0	0	16
 140.0	0	14
 141.0	0	14
 142.0	0	18
 143.0	0	18
 144.0	0	19
 145.0	0	15
 146.0	0	25
 147.0	1	13
 148.0	0	16
 149.0	0	29
 150.0	0	18
 151.0	0	23
 152.0	0	18
 153.0	0	16
 154.0	1	23
 155.0	0	22
 156.0	0	18
 157.0	0	16
 158.0	0	26
 159.0	0	19
 160.0	0	17
 161.0	0	21
 162.0	0	11
 163.0	0	20
 164.0	0	24
 165.0	1	25
 166.0	0	25
 167.0	0	20
 168.0	0	24
 169.0	0	15
 170.0	0	23
 171.0	0	19
 172.0	0	21
 173.0	0	26
 174.0	0	21
 175.0	0	15
 176.0	0	24
 177.0	1	12
 178.0	0	14
 179.0	0	22
 180.0	0	15
 181.0	0	20
 182.0	0	24
 183.0	0	24
 184.0	0	11
 185.0	0	24
 186.0	0	20
 187.0	0	27.5
 188.0	0	13
 189.0	0	23
 190.0	0	19
 191.0	0	21
 192.0	0	15
 193.0	0	19
 194.0	0	25
 195.0	0	28
 196.0	0	16
 197.0	0	18
 198.0	0	10
 199.0	0	19
 200.0	0	22
 201.0	1	22.1667
 202.0	0	14
 203.0	0	16
 204.0	0	17
 205.0	0	28.5
 206.0	0	18
 207.0	0	22
 208.0	0	18
 209.0	1	17
 210.0	0	12
 211.0	0	22
 212.0	0	15
 213.0	0	18
 214.0	0	15
 215.0	0	29
 216.0	0	16
 217.0	1	22
 218.0	0	24
 219.0	1	13
 220.0	0	19
 221.0	1	8
 222.0	0	16
 223.0	0	11
 224.0	1	19
 225.0	1	20
 226.0	0	13
 227.0	0	22
 228.0	0	18
 229.0	1	11
 230.0	0	14
 231.0	0	16
 232.0	0	19
 233.0	0	23
 234.0	0	16
 235.0	0	14
 236.0	0	19
 237.0	0	27
 238.0	0	20
 239.0	0	19.5
 240.0	0	26